Will,X,5,0.8290648,0.9036763,1.192349,0.8823212,1.010355,0,8,6,2,3
p,X,7,11.94996,1.071952,0.6882326,0.7215731,1.101171,1.046918,0.6840647,0,1,3,5,8,2,4
o,X,7,12.00051,0.9486529,0.8267343,0.5728851,1.232189,0.9211594,0.8229432,0,1,3,5,8,2,4
o,O,7,3.963556,0.8403744,0.7593929,1.042447,1.072554,0.9163184,0.8583396,0,3,4,7,2,6,8
p,O,7,4.016718,0.7257704,0.871729,0.9176435,1.20125,0.8050166,0.9801971,0,3,4,7,2,6,8
first,O,9,2.198146,1.134528,1.051102,1.080308,1.22627,0.9218162,1.343076,1.572491,1.30969,0,3,5,4,7,1,6,2,8
TestA,X,7,0.988551,0.9801875,4.037555,0.6506774,0.7257624,0.9217917,1.23048,0,1,2,4,6,8,3
e,X,7,1.062191,0.8351571,4.169977,0.546294,0.8402464,0.7826077,1.358878,0,1,2,4,6,8,3
q,O,9,1.255504,1.434817,0.7799995,0.9384791,0.8717524,1.03442,0.8884348,1.889477,1.038599,0,1,3,5,4,6,2,7,8
Eric,O,9,1.319158,1.292681,0.9174799,0.8024727,0.9999981,0.9101168,1.032555,1.741845,1.180101,0,1,3,5,4,6,2,7,8
e,O,5,1.259665,0.880089,0.6131472,0.830026,0.738282,0,4,3,7,6
q,O,5,1.323279,0.7531536,0.7482716,0.6909381,0.8781242,0,4,3,7,6
Eric,X,6,3.182493,0.7049197,1.063608,14.20255,1.793542,0.9509927,0,4,1,3,8,5
kate,X,6,3.120323,0.8290775,0.9360752,17.11599,1.662766,1.080354,0,4,1,3,8,5
q,O,9,13.65553,4.116774,2.085541,0.8050109,1.756012,0.9384813,0.7424399,1.013567,0.9259688,3,1,4,5,0,6,2,8,7
kate,O,9,15.54874,3.977556,2.224492,0.6676785,1.882169,0.8031442,0.8850238,0.8945202,1.030195,3,1,4,5,0,6,2,8,7
q,O,6,4.860958,2.752882,0.8216923,0.6506924,1.205428,0.8926107,0,1,2,4,3,7
q,X,6,1.280558,2.585983,1.117835,0.7258184,0.9843695,0.7215648,0,1,2,4,3,7
q,X,7,1.372634,0.7659376,0.9165281,0.7810449,1.644975,0.9423889,0.9790764,0,3,1,6,4,5,7
tt,O,5,1.368101,0.7007363,0.6923947,0.5547444,0.9468272,0,1,3,4,6
q,O,5,1.299858,0.822901,0.5763896,0.6849347,0.8126831,0,1,3,4,6
tt,O,5,0.7701466,0.639661,0.5668034,0.6515396,0.603443,0,1,3,4,6
Eric,O,5,0.8258758,0.5130212,0.7090816,0.5088754,0.7424471,0,1,3,4,6
